42
40
17
20
8
9
10
10
13
27
13
16
37
12
14
14
12
15
12
14
17
14
13
12
34
14
15
16
20
15
14
13
7
15
12
12
14
16
13
12
16
15
12
16
34
33
35
31
14
11
14
11
10
28
11
10
11
12
13
27
6
10
28
28
27
25
49
26
28
25
16
26
24
26
24
24
28
27
26
25
24
25
27
24
37
25
27
26
27
27
24
27
3
28
24
34
27
25
31
28
5
25
10
10
10
2
14
8
9
8
9
10
39
36
37
38
36
38
8
36
20
36
38
37
37
36
32
41
39
35
36
33
36
34
12
32
43
32
33
34
33
6
43
32
33
31
35
31
31
35
32
1
34
11
39
34
32
34
34
31
33
31
35
33
34
34
35
35
35
31
30
31
34
34
10
35
33
35
11
32
35
32
36
32
26
31
35
32
35
34
32
31
35
33
19
31
33
14
35
3
35
27
32
33
17
32
32
31
34
33
35
31
34
31
14
9
18
14
22
15
14
42
18
18
18
18
18
14
18
18
18
33
11
11
11
12
9
10
1
14
15
15
36
14
16
15
14
15
13
13
13
14
14
15
17
14
16
13
21
44
14
39
17
16
16
17
16
17
15
13
14
45
13
28
13
17
14
17
2
16
15
15
13
15
43
16
16
0
17
17
14
17
17
15
35
16
14
17
14
14
30
28
28
32
33
13
29
15
28
32
29
31
32
32
29
30
7
25
22
25
24
26
22
40
25
25
43
22
25
24
2
25
24
22
22
14
43
23
19
23
26
27
25
24
26
23
23
17
32
15
15
18
14
19
15
18
15
14
15
16
14
16
15
14
17
16
15
17
17
16
18
32
15
18
17
18
17
31
14
14
16
4
13
14
17
15
14
20
40
16
9
8
8
7
7
6
7
10
8
6
6
8
6
10
10
9
23
8
7
8
6
7
14
8
8
9
9
10
9
8
43
9
9
46
8
9
7
8
9
40
17
41
41
6
28
41
14
41
43
43
43
42
41
43
40
42
34
8
43
39
39
41
41
23
29
14
15
14
13
17
17
13
13
15
16
14
13
17
13
15
17
0
13
15
17
14
27
16
17
6
13
15
7
16
14
15
14
17
16
15
2
16
16
15
17
17
16
13
14
14
17
17
17
15
15
17
13
16
17
47
13
14
15
24
14
14
33
28
14
28
17
0
15
18
15
15
14
22
10
13
15
13
7
16
13
44
40
9
8
45
45
46
43
43
44
44
45
46
43
45
46
44
43
4
10
3
4
1
3
1
3
4
3
23
0
1
4
0
3
1
4
26
3
4
1
2
0
2
34
4
3
0
3
2
2
3
4
1
3
3
21
37
3
1
4
40
18
18
13
12
12
13
12
12
13
24
13
18
15
13
16
14
0
16
32
37
34
16
33
33
37
37
35
35
37
33
33
36
16
35
36
36
37
37
34
36
26
26
17
15
28
27
24
28
25
27
25
27
7
28
33
25
14
26
9
28
24
26
16
26
27
6
27
24
26
25
24
24
25
24
46
27
31
28
28
24
23
20
18
24
23
26
21
10
36
7
24
23
23
21
23
19
20
20
7
20
45
22
18
18
20
18
20
18
20
31
2
21
21
22
30
8
18
18
22
44
45
23
17
26
25
48
26
24
24
23
26
40
23
26
25
23
26
22
23
26
25
26
21
18
22
18
25
23
1
35
25
25
25
38
41
39
40
37
40
19
38
9
41
40
41
41
40
37
39
37
38
38
39
3
40
37
38
40
39
37
38
37
39
16
46
5
12
11
12
10
46
10
12
25
11
3
10
11
9
12
8
12
9
9
9
11
12
9
8
19
4
10
3
28
26
27
38
29
30
29
26
28
26
26
37
29
28
28
3
26
26
30
28
27
28
30
28
29
10
27
28
29
26
28
31
31
30
29
28
28
24
29
30
29
30
28
20
27
31
30
15
37
18
15
19
15
6
15
15
15
19
11
8
13
41
12
41
41
41
6
45
45
41
43
46
43
44
41
41
43
42
43
42
44
12
34
3
5
5
4
6
42
6
2
34
2
5
4
3
6
4
4
4
3
4
37
34
17
37
46
18
26
29
30
32
29
33
32
33
30
30
30
21
28
28
24
27
26
25
24
27
24
6
27
49
23
20
19
20
48
19
19
19
21
21
19
21
20
2
44
39
9
8
25
36
29
30
27
30
30
28
27
5
30
28
30
28
31
27
28
36
14
28
28
1
28
23
22
19
19
22
36
13
39
37
40
38
40
38
37
36
27
22
38
